-*-*-*-*-*-*-*-*-*-*
1	[0]
2	[0]
3	[0]
4	[0]
5	[0]
6	[0]
7	[0]
8	[0]
9	[0]
10	[0]
11	[0]
12	[0]
13	[1]
14	[0]
15	[0]
16	[1]
17	[0]
18	[1]
19	[0]
20	[0]
21	[1]
22	[0]
23	[0]
24	[1]
25	[0]
26	[2]
27	[0]
28	[1]
29	[2]
30	[0]
31	[0]
32	[1]
33	[1]
34	[2]
35	[1]
36	[2]
37	[1]
38	[0]
39	[1]
40	[0]
41	[0]
42	[3]
43	[0]
44	[1]
45	[6]
46	[2]
47	[2]
48	[6]
49	[2]
50	[2]
51	[1]
52	[3]
53	[5]
54	[2]
55	[3]
56	[1]
57	[6]
58	[0]
59	[3]
60	[3]
61	[2]
62	[2]
63	[8]
64	[4]
65	[4]
66	[6]
67	[2]
68	[5]
69	[4]
70	[4]
71	[4]
72	[4]
73	[5]
74	[2]
75	[7]
76	[1]
77	[8]
78	[6]
79	[2]
80	[4]
81	[3]
82	[1]
83	[2]
84	[2]
85	[6]
86	[1]
87	[6]
88	[1]
89	[5]
90	[2]
91	[4]
92	[2]
93	[4]
94	[1]
95	[3]
96	[6]
97	[1]
98	[8]
99	[1]
100	[4]
101	[4]
102	[2]
103	[1]
104	[3]
105	[4]
106	[2]
107	[2]
108	[6]
109	[3]
110	[1]
111	[0]
112	[3]
113	[1]
114	[6]
115	[4]
116	[3]
117	[1]
118	[4]
119	[6]
120	[2]
121	[4]
122	[5]
123	[1]
124	[3]
125	[3]
126	[7]
127	[1]
128	[2]
129	[2]
130	[2]
131	[3]
132	[3]
133	[3]
134	[2]
135	[2]
136	[1]
137	[1]
138	[1]
139	[1]
140	[2]
141	[1]
142	[1]
143	[0]
144	[0]
145	[1]
146	[2]
147	[1]
148	[0]
149	[0]
150	[1]
151	[1]
152	[1]
153	[0]
154	[2]
155	[1]
156	[0]
157	[1]
158	[1]
159	[0]
160	[0]
161	[2]
162	[0]
163	[1]
164	[0]
165	[0]
166	[0]
167	[0]
168	[0]
169	[0]
170	[0]
171	[0]
172	[0]
173	[0]
174	[0]
175	[0]
176	[0]
177	[0]
178	[0]
179	[1]
180	[0]
-*-*-*-*-*-*-*-*-*-*
==========
  $: 180
==========
